# Position (bp)	A	C	G	T	N
0.0	33.0029345661678	18.985016668537355	23.878546747816642	24.113182962815287	0.020319054662916603
1.0	30.377533197855257	19.367753826687085	21.187993370038	29.065313657897875	0.0014059475217891347
2.0	30.089354013317664	20.058034857808817	20.242271196121443	29.609711433361408	6.284993906648526E-4
3.0	27.730735112498994	21.84037851892524	21.70710009481566	28.72095581321125	8.304605488534313E-4
4.0	29.2339162385866	21.279867339847346	21.031432440334605	28.449602769472808	0.00518121175864056
5.0	28.758532231829815	21.410169596246924	20.848675950803607	28.981170555734153	0.0014516653855061786
6.0	29.64609929472553	20.183065314613945	21.356134530283967	28.809175287051993	0.005525573324572484
7.0	28.442602032236845	21.594683786088297	19.789483727700425	30.17322761494719	2.8390272426939383E-6
8.0	29.177115758227963	20.97734976522786	20.931683022038435	28.91372745425342	1.2400025232416897E-4
9.0	29.328899732465686	20.80994360123248	20.725548944983828	29.135602284344753	5.436973259778074E-6
10.0	28.910377886349035	20.93427058589429	20.9886633112115	29.165454800251013	0.0012334162941619597
11.0	28.978687010630793	21.004313902396778	20.99104551370866	29.02594837277827	5.20048549825767E-6
12.0	29.12956938152474	21.011983994341655	20.853883643025522	29.004558654309598	4.326798485928598E-6
13.0	29.15274130458565	20.92738293360293	20.861482354739525	29.05839059906018	2.808011711879889E-6
14.0	29.064580599423234	20.965240854988163	20.829133850804173	29.14098862056813	5.607421629569996E-5
15.0	29.056365350602135	20.928485216472087	20.980658856083235	29.03446990369546	2.067314708526166E-5
16.0	29.01376459782669	20.982017786340712	20.92986722410294	29.07434609056368	4.301165981795233E-6
17.0	28.884225653977317	21.156618584512106	20.945320473212238	29.01382755630809	7.731990248826271E-6
18.0	29.02416219207662	21.06284128452312	20.92971889954547	28.980410341465383	0.0028672823894081117
19.0	28.967106294070078	21.02613383909042	20.930169546115707	29.076584750434982	5.5702888147402985E-6
20.0	28.849465666891344	21.17978794031101	21.052563519617898	28.917582851859734	6.000213200157475E-4
21.0	29.038994057155286	20.997678878779734	21.188783892492157	28.774537186475456	5.985097359803194E-6
22.0	29.045781934808645	21.01561939427468	20.96066505634452	28.97792763584357	5.978728589030559E-6
23.0	28.892880295728368	21.19422526984012	20.987860671734065	28.924967211362397	6.655133505167032E-5
24.0	29.0453266705325	21.12289443086233	21.058435056487763	28.77324688477167	9.695734573388946E-5
25.0	28.96331158755368	21.06531573425496	20.982082177960727	28.989277727066543	1.277316409316682E-5
26.0	28.910771376787675	21.14013245049114	21.02709160180616	28.92199223469245	1.2336222580881586E-5
27.0	29.046066502547585	21.040618038074648	21.039806049200234	28.87316663654381	3.427736337160901E-4
28.0	28.970018195099005	21.05390653196283	20.9942812430556	28.9817878724168	6.1574657637472105E-6
29.0	28.91545469301402	21.166956306919484	21.067400556101052	28.849992627609673	1.9581635576711512E-4
30.0	29.07655563098287	21.04695643263129	21.083476477768713	28.793006581729202	4.876887926011215E-6
31.0	29.036643766849423	21.00077373559214	21.00157823987002	28.960215860450873	7.883972375425489E-4
32.0	28.9824061003429	21.10081588156373	21.09291154514148	28.823859694296004	6.778655880153093E-6
33.0	29.07543491495439	21.07324083617304	21.09625393691336	28.75417297719422	8.973347649923445E-4
34.0	29.043039642604096	21.006002238645028	21.079648076531058	28.871300095113178	9.947106641387442E-6
35.0	28.959774862850352	21.11444616270876	21.087836280096067	28.83793550122672	7.193118103575539E-6
36.0	29.044270246950738	21.06842211988628	21.108514424714105	28.772341082144287	0.006452126304589517
37.0	29.012256984416474	21.034434694840357	21.033489858959577	28.919811273504347	7.188279245147295E-6
38.0	28.937527732207595	21.137788726574648	21.09397052024973	28.830706891690316	6.129277706660661E-6
39.0	28.993775081973755	21.0536950700817	21.125554829739734	28.773484612450233	0.05349040575457695
40.0	29.004369105581556	21.04620194911192	21.04752049234176	28.898720882099926	0.0031875708648333918
41.0	28.929146323951077	21.169110035348712	21.0865952758711	28.813485052041766	0.0016633127873444907
42.0	29.060910544639835	21.023718662284672	21.154042144962673	28.761261294311396	6.735380142163183E-5
43.0	29.007004013604952	21.049201435186575	21.029239074869768	28.91450629080543	4.9185533271462156E-5
44.0	28.90243927250883	21.18986193332483	21.0835776853399	28.824114566114307	6.542712129100087E-6
45.0	29.070935433550222	21.06715347012821	21.0877284825449	28.77367173611074	5.108776659262605E-4
46.0	29.001281812755593	21.06894602122214	21.041391512521393	28.888375589807648	5.063693232805041E-6
47.0	28.915442917061483	21.129580098634097	21.102786634025257	28.85216883264348	2.151763568016376E-5
48.0	29.055081299379804	21.03447062435412	21.11727691633889	28.793154285565	1.6874362187340295E-5
49.0	28.979346322752818	21.065679609813774	21.064841476617747	28.889984957892352	1.476329233060883E-4
50.0	28.929256091283133	21.174685229769395	21.132089219530386	28.763963132995084	6.32642200479383E-6
51.0	29.062517080426748	21.025338820262863	21.166810747862662	28.692042999863176	0.05329035158455321
52.0	29.03259233434113	21.03681223110118	21.04495377271509	28.885452323665533	1.8933817706776016E-4
53.0	28.93521979139024	21.140326755772396	21.118220497435296	28.79596663986117	0.010266315540895259
54.0	29.032505508192045	21.08065613739562	21.09897204940094	28.77297931657702	0.01488698843438099
55.0	28.987751168809396	21.10830743731517	21.044334278649647	28.854779652343453	0.004827462882338828
56.0	28.92536831252668	21.16411083685718	21.047784232611875	28.859451540652792	0.0032850773514718173
57.0	29.037229493363924	21.089283831124682	21.11769729781954	28.75519157221426	5.978054775925191E-4
58.0	29.004158152970845	21.07212031493856	21.060505330711376	28.86223751833534	9.786830438780392E-4
59.0	28.923985338483675	21.18456264403597	21.087232366292522	28.8042051071034	1.4544084435214249E-5
60.0	29.00117615437959	21.105368769528667	21.142384516428013	28.750527794414033	5.427652497042436E-4
61.0	28.96365518307478	21.0801407748629	21.065387407146876	28.890700914788052	1.1572012738555937E-4
62.0	28.90523197047827	21.18107107749395	21.101871815517907	28.81142843828443	3.966982254438418E-4
63.0	29.00561538941619	21.113442753029155	21.160468549220692	28.72047225438818	1.0539457849950935E-6
64.0	29.002485985404704	21.066263654335625	21.07078138571988	28.86043503674804	3.3937791753683636E-5
65.0	28.909187236095185	21.201975214565998	21.06106366446829	28.827756388500266	1.7496370262049336E-5
66.0	29.026974171355814	21.073312790156564	21.140762289937058	28.75891933825463	3.141029593663553E-5
67.0	29.010597458125314	21.07518353981005	21.043836994261206	28.870228744064434	1.5326373898899383E-4
68.0	28.929401920336577	21.14477916002826	21.103040944031612	28.822767223439044	1.0752164505587014E-5
69.0	29.02941886034787	21.089174465974033	21.113647742919692	28.767123253012866	6.356777455388309E-4
70.0	29.018176632617486	21.07524856549411	21.080483794911263	28.82574795174891	3.4305522822925607E-4
71.0	28.936828005236315	21.187021424190238	21.062802240211987	28.813053749746274	2.945806151831366E-4
72.0	29.031216680183924	21.101069902013982	21.11652872875384	28.75116338979854	2.1299249720010292E-5
73.0	28.99048458640862	21.081760371824522	21.05180411129297	28.87594734509522	3.5853786621537465E-6
74.0	28.901846394734083	21.17434473408167	21.106794190811474	28.816986416282376	2.8264090396795642E-5
75.0	29.005053195106868	21.064802751807278	21.168115848576686	28.76202693883092	1.2656782518303479E-6
76.0	28.999443735720643	21.051174343272226	21.070617243311663	28.878764677695468	0.0
77.0	28.959587771946925	21.139156305388003	21.093794090937028	28.80745993286231	1.8988657317547786E-6
78.0	29.028013293835127	21.08269544758449	21.107745067742936	28.77633188948755	0.005214301349895095
79.0	29.03331895648678	21.043042886657233	21.071371155596594	28.852172251533126	9.47497262687794E-5
80.0	28.97046396347654	21.137876500566122	21.094525161787228	28.79705248800313	8.18861669833185E-5
81.0	29.02006148323647	21.111620691020512	21.126786159483952	28.741520268412202	1.1397846861877154E-5
82.0	29.020361570299812	21.048120990713713	21.067080413594912	28.86441443806388	2.258732768040635E-5
83.0	28.90827780901252	21.174454632046167	21.1307107416096	28.786556395085235	4.2224647615364504E-7
84.0	29.03581881114154	21.09719696587642	21.157469990579376	28.709514232402668	0.0
85.0	29.043642355161698	21.06387999867548	21.04211387574973	28.849637733189304	7.260372237890848E-4
86.0	28.952720377023194	21.13987266048214	21.107038804261734	28.800344924987403	2.3233245532434336E-5
87.0	29.006256996749464	21.091448491703474	21.16468937285233	28.737605138694732	0.0
88.0	29.040924591217255	21.069780725312732	21.064283880565423	28.821443568914756	0.0035672339898359436
89.0	28.943323937140836	21.154699718060126	21.112356954444177	28.786259474089547	0.0033599162653079394
90.0	29.07219405253965	21.078142083967105	21.141212624712196	28.708220440319543	2.307984615016827E-4
91.0	29.03666995224146	21.03457626925451	21.100308904574007	28.82775847663246	6.863972975623058E-4
92.0	28.948500800130756	21.129748044180623	21.17324191921856	28.748422970143288	8.626632677452002E-5
93.0	29.079172571684094	21.067638217695023	21.143643994790523	28.7092330684303	3.1214740006276366E-4
94.0	29.0397518924372	21.040151851667076	21.068115153102067	28.851923566877364	5.753591629336452E-5
95.0	28.955250569181267	21.14465577471743	21.136274512736982	28.762625205481406	0.001193937882909346
96.0	29.088306897194176	21.025860583100204	21.152505588337174	28.733325449954673	1.4814137722501046E-6
97.0	29.019840079338294	21.05586609682425	21.101563659787345	28.821931263748446	7.989003016686913E-4
98.0	28.99427589059113	21.105620028186074	21.16277782274014	28.73732625848266	0.0
99.0	29.079613224944882	21.055807809392114	21.165311667007085	28.698748171453325	5.191272025962511E-4
100.0	29.04737470929603	21.018376555158575	21.10994097139447	28.824290603052788	1.7161098137144363E-5
101.0	28.957845515074887	21.112191306887286	21.17284007485681	28.757086438959767	3.66642212478822E-5
102.0	29.074671686473728	21.07486160595899	21.153205301642796	28.697261405924486	0.0
103.0	29.068646164476636	21.013703215594585	21.10018613991713	28.81527947634732	0.0021850036643294006
104.0	29.04405504622381	21.085750312660803	21.153571496209615	28.716528737845426	9.44070603446599E-5
105.0	29.13832438076379	21.008124238184013	21.16484233712842	28.688709043923776	0.0
106.0	29.090314363585502	20.990008200727893	21.124867747779703	28.794751513766503	5.8174140399687E-5
107.0	28.961009115633114	21.12945010822845	21.175090879622864	28.734445223645526	4.6728700503407226E-6
108.0	29.07117614429069	21.046637884358095	21.22013127307649	28.661039817571538	0.0010148807031851697
109.0	29.053444399808708	20.996868970092265	21.135369533812774	28.814317096286253	0.0
110.0	28.99688711831004	21.09005681190672	21.184543000213726	28.727417479506684	0.0010955900628258476
111.0	29.072707200569265	21.04570998476751	21.187905729923006	28.693376607503208	3.0047723701493795E-4
112.0	29.083198615779487	21.013360843391215	21.141355054948544	28.76204332859241	4.2157288344591174E-5
113.0	29.028585438859654	21.095324644080712	21.196897651200103	28.679181401160385	1.0864699142793346E-5
114.0	29.10922516181887	21.025655362931168	21.213377697086926	28.651537786595444	2.0399156758969952E-4
115.0	29.102206226454584	20.976722417632736	21.167203642052897	28.753817805053615	4.990880616015607E-5
116.0	29.01908606689259	21.094813194320675	21.220185285505075	28.66591545328166	0.0
117.0	29.125394706895936	21.004720456906732	21.278025814833462	28.58768747525754	0.0041715461063288805
118.0	29.10819238425927	20.955275405881046	21.217508052105348	28.719024157754337	0.0
119.0	29.00138875368974	21.05256394091408	21.261906119039235	28.67869786113762	0.005443325219331232
120.0	29.09358850602997	20.99089054563957	21.277072671379447	28.63808571739587	3.62559555142251E-4
121.0	29.095432351157786	20.9745916515271	21.234994295068788	28.69497870350648	2.9987398524035662E-6
122.0	29.049961376700743	21.063690407634624	21.244089891770084	28.63957973809918	0.00267858579536456
123.0	29.12561364876573	20.987006045416507	21.295100253574567	28.59227940857397	6.436692304405469E-7
124.0	29.154548298146775	20.96099888746895	21.235414809740647	28.646103272514946	0.002934732128684993
125.0	29.088634298904193	21.038866417726336	21.263724037261838	28.606742315721966	0.0020329303856670986
126.0	29.165350520361294	20.963171066849984	21.31312086320247	28.558045147046652	3.1240253960544516E-4
127.0	29.125787264035996	20.95897755107914	21.252378786691285	28.66107636453584	0.0017800336577335734
128.0	29.082078252284322	21.02109189844118	21.322503444684134	28.565686680471668	0.00863972411869408
129.0	29.154174936372712	20.952079550339644	21.37645109830929	28.517294414978355	0.0
130.0	29.139804903171296	20.953998247370375	21.287199680466383	28.615220143685555	0.00377702530639365
131.0	29.07380526024877	21.035912978078436	21.375869399693787	28.510280789772295	0.004131572206712368
132.0	29.177901209330702	20.94797521744285	21.387265416388964	28.486858156837485	0.0
133.0	29.150573687813345	20.920793062807537	21.32622791205173	28.59803953826896	0.004365799058423946
134.0	29.10394982405903	20.9767294544322	21.38751694506325	28.53166153971663	1.4223672889191307E-4
135.0	29.159746221979837	20.926172891565628	21.443155556386877	28.467781048907753	0.003144281159899139
136.0	29.18326637394499	20.902252882329588	21.38282179341575	28.531597319282927	6.163102675056169E-5
137.0	29.115340954269158	20.967396396022753	21.44213487728315	28.475123410130404	4.362294537699457E-6
138.0	29.202038814269272	20.90047804265665	21.472628937593925	28.423766932127904	0.0010872733522498505
139.0	29.1530800369273	20.898914827052977	21.42861573817997	28.519355700655968	3.3697183780840866E-5
140.0	29.091839201455805	20.958995577840593	21.489947515759848	28.45907699887545	1.4070606831082365E-4
141.0	29.180429149894433	20.906277824412268	21.52685871990667	28.386329767184122	1.0453860250525311E-4
142.0	29.174382944275546	20.87173734074476	21.502952045079855	28.450927669899833	0.0
143.0	29.103280269781685	20.96115801849494	21.53780184875746	28.397759201335433	6.616304868407022E-7
144.0	29.174307464650774	20.903102258260432	21.553597826198494	28.36680070166121	0.002191749229092488
145.0	29.18748454344727	20.869912720331513	21.507338291945562	28.43510986629131	1.545779843528236E-4
146.0	29.08284328477429	20.97321642920467	21.579635994022063	28.36430429199898	0.0
147.0	29.19703780084187	20.885182238854167	21.6016980595212	28.31608145451923	4.4626353361105203E-7
148.0	29.157060007458675	20.87849927458581	21.598750255761782	28.36524129278667	4.491694070609373E-4
149.0	29.128461081010464	20.945689827134487	21.64446043494528	28.281365299852634	2.335705713369521E-5
150.0	29.285164769228526	20.776415121204206	21.64187570344541	28.29633438549918	2.100206226759779E-4
