# Position (bp)	A	C	G	T	N
0.0	32.61351296746998	20.177909008983136	21.665413959749653	25.52154883355676	0.02161523024046811
1.0	31.06273730662589	18.64931915081366	21.134788785592757	29.151253697470658	0.0019010594970378526
2.0	30.33067988383747	20.32717537658187	19.94455523226822	29.39470003120493	0.002889476107511204
3.0	28.982456334457936	21.128811101511808	21.038198800436906	28.850349974521016	1.837890723391767E-4
4.0	29.408222270059113	20.849696135518638	20.84842452965936	28.8935080389081	1.4902585478565857E-4
5.0	29.15912768899318	21.09106441374479	20.5673220420849	29.18248007202135	5.783155777159862E-6
6.0	29.82022963467409	20.36440612397957	20.98681967968893	28.82853878638513	5.775272276883284E-6
7.0	29.01134823722442	21.026806773477833	19.825621944763935	30.136208172303373	1.4872230437477069E-5
8.0	29.096256049627588	20.768557123411323	20.472841176775454	29.662340498081154	5.152104474204811E-6
9.0	29.449677353319924	20.548141622099912	20.512386073997966	29.489790713820142	4.236762053874025E-6
10.0	29.33974455680191	20.56752692244167	20.54745894843121	29.459360971631654	0.08590860069355491
11.0	29.355872288878793	20.71551420383551	20.561120326438928	29.367490161962795	3.018883973599026E-6
12.0	29.456857101606893	20.654978111274914	20.541845469745894	29.346315095149833	4.22222246885363E-6
13.0	29.4546641130946	20.56649289444398	20.58337306567989	29.3954663112806	3.615500925122325E-6
14.0	29.34907404927236	20.69553466779755	20.56102269170737	29.39436437724496	4.213977760015995E-6
15.0	29.34498783639898	20.62898361478081	20.714249420955568	29.311775820074597	3.3077900473366705E-6
16.0	29.276968148177346	20.673302727348183	20.7049261482816	29.340911496160672	0.0038914800321987746
17.0	29.1542655403064	20.884203361954953	20.689869742446245	29.27165895335042	2.401941979698354E-6
18.0	29.26562386200678	20.807232005307906	20.70189504758911	29.22524578493461	3.3001615891120494E-6
19.0	29.185670865462125	20.764123869718986	20.722245651289175	29.327953017968134	6.595561576197352E-6
20.0	29.11371659079709	20.926843151441073	20.765993352237068	29.182468060629756	0.010978844895018372
21.0	29.28741948262025	20.73628848238892	20.87099549644474	29.104765396775957	5.311417701337222E-4
22.0	29.283542563452315	20.723722585955127	20.71300289989576	29.279130511227734	6.014394690671902E-4
23.0	29.139531509363266	20.93488730646083	20.726916190118963	29.19864226605174	2.272800520248824E-5
24.0	29.301706669616635	20.853210949780916	20.78085951141597	29.064220478095027	2.3910914484222355E-6
25.0	29.21960147899697	20.76640824082363	20.75881557849176	29.255086578172357	8.812351528119857E-5
26.0	29.144366850186415	20.888388978610998	20.782829613461992	29.179737328982718	0.004677228757875181
27.0	29.272955333688188	20.78674722021464	20.810305512362817	29.127169618163535	0.0028223155708245306
28.0	29.1878721959977	20.786372905891334	20.805422921564002	29.220325712253185	6.264293776048276E-6
29.0	29.11200094978709	20.930830171177966	20.8479393740151	29.098275514932798	0.010953990087047456
30.0	29.29717750144869	20.809685965289543	20.840609885140086	29.052519791641096	6.856480580740328E-6
31.0	29.25265812802894	20.743466048924226	20.790424505767284	29.207749131659604	0.005702185619939126
32.0	29.201065030745976	20.87251957870761	20.841105268170608	29.08530595021158	4.172164225646126E-6
33.0	29.30761182881373	20.820414778580517	20.865022725506464	29.006068090758717	8.825763405740171E-4
34.0	29.275525085814238	20.75222063239967	20.885332690366784	29.08689865159441	2.293982489781403E-5
35.0	29.180223914834734	20.878307054268824	20.881935096759584	29.059245573423244	2.88360713610071E-4
36.0	29.270993903667037	20.83938038199693	20.89865439396271	28.990966256560696	5.063812632760694E-6
37.0	29.23342957448452	20.783624170534686	20.840918749127223	29.141027025038994	0.0010004808145785526
38.0	29.140113059963785	20.91761789228053	20.88880520655494	29.053135334529856	3.2850667089085145E-4
39.0	29.223994374921652	20.851247260321472	20.89972771075182	29.013523880593127	0.011506773411928425
40.0	29.222671756057313	20.79064497145256	20.86412394454456	29.12255366980675	5.658138820095268E-6
41.0	29.12281024408508	20.948746177871257	20.87811899821849	29.04833864266046	0.0019859371647158353
42.0	29.267617609774092	20.81254344331308	20.936583307159797	28.983123129347625	1.325104054019174E-4
43.0	29.238276049692942	20.800051678330703	20.84705206481346	29.113784966326588	8.352408363055375E-4
44.0	29.12720889117838	20.952426194755116	20.875953013107793	29.043383143137003	0.0010287578217082478
45.0	29.29108285927098	20.823886906142405	20.89887849613708	28.984751100629925	0.0014006378196156724
46.0	29.223398038374892	20.80840848601042	20.862159328196324	29.100240748664692	0.005793398753669225
47.0	29.123925093875087	20.91826040233804	20.90606597124396	29.05052298551854	0.0012255470243733135
48.0	29.26661882901388	20.818344838155337	20.911971121258894	29.00306282956466	2.3820072344239468E-6
49.0	29.18875542172037	20.816278940391474	20.896035825125818	29.097931753748924	9.980590134191416E-4
50.0	29.11959636941711	20.950663982808752	20.922594976560788	29.002255894151872	0.004888777061475715
51.0	29.2946173160959	20.830228000099535	20.94521923450901	28.928137003814065	0.0017984454814904392
52.0	29.247015096612017	20.79545535955849	20.87773608067148	29.079788698991944	4.764166067657149E-6
53.0	29.154009256497794	20.930719944167382	20.91456648667254	28.999849726900145	8.545857621372848E-4
54.0	29.256578019710656	20.858312099781948	20.920298406027317	28.962451333519695	0.002360140960386618
55.0	29.216709929148028	20.86731744139709	20.865554575285532	29.0496685382905	7.495158788497423E-4
56.0	29.142518664140937	20.94767012650659	20.85400506278889	29.05508429913804	7.218474255455997E-4
57.0	29.250767028270612	20.867458818025163	20.907868052721295	28.972200581183493	0.0017055197994320628
58.0	29.21884421708203	20.83611682546424	20.87885359819989	29.06536160253168	8.23756722160858E-4
59.0	29.13968162944508	20.964783861525216	20.882571767540334	29.01187656342481	0.0010861780645592314
60.0	29.222902826710985	20.867565266965382	20.94939490721629	28.960134616373278	2.3827340632567108E-6
61.0	29.168761954810975	20.833507269466004	20.90728557828459	29.089644855424616	8.003420138134265E-4
62.0	29.115527230178845	20.963158861942002	20.899962397269476	29.021182319471222	1.6919113845208136E-4
63.0	29.199525559893413	20.888134580540292	20.957494378476223	28.942327902047705	0.01251757904236323
64.0	29.1985060217601	20.833684152626304	20.911609008329837	29.054326106904245	0.0018747103795146952
65.0	29.118542438645424	20.983821250243373	20.878253715204306	29.017961809009872	0.001420786897028349
66.0	29.219165236348747	20.860557997447422	20.96005249311739	28.959571487752417	6.527853340187848E-4
67.0	29.20599521545231	20.850408943410915	20.89817677225835	29.04449301355018	9.260553282422776E-4
68.0	29.124817655824753	20.940594584407457	20.913664242888252	29.016258972071213	0.004664544808320955
69.0	29.224699389164172	20.869356947943732	20.920086921104815	28.984378076130046	0.001478665657236474
70.0	29.20602783309465	20.835335859411693	20.91456479968856	29.044070613748175	8.940569220114595E-7
71.0	29.14795926320214	20.955843254594793	20.884792024050594	29.009368338099577	0.002037120052894187
72.0	29.232978740298897	20.87418528976181	20.930462270115864	28.95580730198224	0.006566397841180614
73.0	29.20966984054717	20.838592664986876	20.901598374878777	29.049663065979413	4.760536077618332E-4
74.0	29.110762308673475	20.96395865507381	20.921468282305693	29.003104807026308	7.059469207096159E-4
75.0	29.189397134534417	20.851327639006648	20.981493189818952	28.973113355017354	0.004668681622627295
76.0	29.171815395837758	20.83548153193262	20.91073333587378	29.08193127183793	3.846451791346271E-5
77.0	29.13617223514221	20.93081348213084	20.92990694999275	29.001830136304115	0.0012771964300824041
78.0	29.211874503926623	20.869937781257363	20.93644935872229	28.964419095973927	0.01731926011980005
79.0	29.201631451522104	20.821396173545285	20.92091740068315	29.052084015279572	0.003970958969888983
80.0	29.15298536457285	20.935903508275082	20.916440587818617	28.993395084193658	0.0012754551397983099
81.0	29.226003986660793	20.889230225036883	20.93537963433268	28.93908306610874	0.01030308786090773
82.0	29.2207620177439	20.817132948575768	20.917055977213053	29.044822914043937	2.2614242334065713E-4
83.0	29.116452491243468	20.956485843962117	20.95986281627335	28.963076543391892	0.004122305129176666
84.0	29.238225939521605	20.874358132242367	20.984110507442562	28.90266295884059	6.424619528764691E-4
85.0	29.22927578374589	20.833442473852212	20.907185105166104	29.030096338799833	2.9843596366564824E-7
86.0	29.13115733250462	20.944378352459104	20.935636471340537	28.987977801788347	8.500419073943512E-4
87.0	29.193757340806766	20.884294600422606	20.99725799931839	28.923464101009973	0.001225958442265502
88.0	29.215351442139102	20.856689363986504	20.90665777384053	29.02060671774841	6.947022854549841E-4
89.0	29.13808221052659	20.941984074668106	20.935174414106893	28.97574912282513	0.009010177873278305
90.0	29.253867530591865	20.86462915277579	20.970467980354922	28.90987103511745	0.0011643011599715362
91.0	29.21847263946291	20.821052423526364	20.941594704398053	29.0186162214925	2.6401112017227407E-4
92.0	29.12677120353936	20.908620301859536	21.00749183745295	28.949132499127515	0.00798415802063947
93.0	29.267961614670863	20.846934105459418	20.98243817786335	28.90059255543965	0.0020735465667130987
94.0	29.230110226796448	20.806919387818233	20.926458100794616	29.03651228459071	0.0
95.0	29.1371242853899	20.948631003619916	20.95940765909811	28.954637135564674	1.9991632739685533E-4
96.0	29.25059352142857	20.837621709682136	20.977168342054842	28.934126268328097	4.901585063519387E-4
97.0	29.180025680598376	20.839274062076406	20.94565722937792	29.033699951072006	0.0013430768752900688
98.0	29.14539484021597	20.935354383758554	20.970784261143336	28.931605608954737	0.016860905927401474
99.0	29.250677595204344	20.851890479735346	20.99538052528538	28.899506036935605	0.0025453628393197125
100.0	29.21708026217955	20.814132607757017	20.949630388721324	29.01866833225431	4.884090877911088E-4
101.0	29.12849735499343	20.908558622092073	20.990884231132696	28.96932589544012	0.0027338963416772494
102.0	29.246277470192304	20.864680905129752	20.971946028718836	28.913414761283434	0.0036808346756695897
103.0	29.230056604597138	20.79055353372588	20.94933136869876	29.030058492978224	0.0
104.0	29.16852210206783	20.908003963229774	20.992325236903003	28.930622771176402	5.259266229929456E-4
105.0	29.279320380093754	20.839526206915675	20.996635853129277	28.881828388432496	0.0026891714287984557
106.0	29.231988151616306	20.795315604407865	20.978666277984562	28.993758350891586	2.7161509968651486E-4
107.0	29.11914650179193	20.94826859904388	21.004911559733436	28.92663394210555	0.0010393973252005454
108.0	29.23219588061499	20.85113274431936	21.051830085922244	28.86453748280775	3.0380633564923047E-4
109.0	29.192814407033513	20.80164689336073	20.992986540520914	29.005447435358217	0.007104723726627817
110.0	29.144829430590512	20.889844362233017	21.01135109755099	28.9528434828826	0.001131626742880174
111.0	29.2026672690196	20.85731939609259	21.016252341676665	28.919931569081363	0.0038294241297840564
112.0	29.19510523811009	20.826501202026293	20.988369463128695	28.98774724036445	0.0022768563704742076
113.0	29.16563060986579	20.910415229243494	21.021710802036317	28.89859018227035	0.0036531765840549903
114.0	29.22951352801618	20.84723102696021	21.036624640082355	28.886222335394528	4.0846954672251444E-4
115.0	29.21856235034844	20.79474297980102	20.993989236758427	28.990067093767607	0.0026383393245121792
116.0	29.14533981797352	20.924007528199997	21.018821196744884	28.91025024821225	0.0015812088693486245
117.0	29.23706874125506	20.84698974847064	21.07628671465412	28.837523830947763	0.0021309646724152103
118.0	29.214794071809706	20.783641450319884	21.03249546614734	28.967129005065978	0.001940006657093022
119.0	29.134518605306138	20.875055586626683	21.059739115236066	28.927468436630612	0.003218256200505443
120.0	29.199323928088567	20.818476176424937	21.07335694974281	28.906393701893514	0.0024492438501766828
121.0	29.18176924874579	20.799693375688424	21.05772532642724	28.950290148767486	0.010521900371057146
122.0	29.14216984927217	20.90396261755473	21.04590649253437	28.907516696480123	4.4434415860367414E-4
123.0	29.224878886704854	20.83545187178203	21.066086135327826	28.87253588437891	0.0010472218063855123
124.0	29.245144157467816	20.79770178224344	21.034024304540853	28.922838973471908	2.907822759783665E-4
125.0	29.167356848341537	20.912118857822247	21.029133292041415	28.888197755886143	0.003193245908659709
126.0	29.23491101138976	20.835368933157287	21.08378307318634	28.83462657776199	0.011310404504629817
127.0	29.21075891497737	20.802680612519637	21.051126936048227	28.933551740028946	0.00188179642582603
128.0	29.14050096420388	20.882637247327605	21.11720954884214	28.859140070391742	5.121692346306635E-4
129.0	29.217851993468823	20.804922366942016	21.160094152253922	28.812604686795034	0.004526800540202831
130.0	29.20770984085189	20.80477598562388	21.047556532783933	28.93869622319948	0.0012614175408193974
131.0	29.140309797310643	20.91466399421586	21.115556804487255	28.82873930057352	7.301034127187815E-4
132.0	29.25049054369716	20.807839787376455	21.136418306171773	28.80472056814196	5.307946126460306E-4
133.0	29.216949528969284	20.773623111416782	21.100552282489186	28.903001575424486	0.005873501700261017
134.0	29.146422159213543	20.859196072577582	21.14344900283755	28.85051062466889	4.221407024316967E-4
135.0	29.20214591801717	20.80561739663044	21.19965277092274	28.788742242903258	0.0038416715263953106
136.0	29.223052464875153	20.773876501631026	21.140597819063746	28.862052462487352	4.207519427180467E-4
137.0	29.167498339449526	20.862508476387614	21.145281226408052	28.817442692394547	0.007269265360257995
138.0	29.253864517004164	20.785146537194745	21.16544690010684	28.795188040349167	3.540053450789162E-4
139.0	29.209292760400345	20.767637043714096	21.128144294357753	28.894925901527802	0.0
140.0	29.14024828699856	20.855348429445716	21.154407541354324	28.84973557728673	2.6016491466590797E-4
141.0	29.22065437494895	20.784292159850317	21.212140158989136	28.780554046290664	0.0023592599209330874
142.0	29.20905666427308	20.764139472565446	21.19087656336406	28.833580197161336	0.002347102636081963
143.0	29.1361937996149	20.870353636190657	21.197832648484365	28.795616545875298	3.369834781197654E-6
144.0	29.196074605540534	20.801657047306975	21.224681471335714	28.776889512852332	6.97362964442162E-4
145.0	29.195912747892937	20.76347711998394	21.202498874533415	28.83646821601043	0.0016430415792778022
146.0	29.109656229275355	20.876737319345395	21.231281219236926	28.781974756168054	3.5047597426934244E-4
147.0	29.211866508310248	20.795619042430985	21.242226550299083	28.740530818508205	0.009757080451484936
148.0	29.171562776856696	20.778934859349153	21.24105986144051	28.807914469698385	5.280326552509335E-4
149.0	29.156931518066624	20.863953942210003	21.244268030053863	28.73481449463221	3.2015037295171716E-5
150.0	29.16208204160613	20.778682504100214	21.381267718563894	28.677778480601873	1.8925512789337044E-4
